Artifact: trained_model_20250717_003921_val0.003433_metadata
Generated: 2025-07-17 00:39:21
Experiment: 20250717_003905
==================================================

{
  "best_val_loss": 0.0034330603666603565,
  "total_epochs": 20,
  "final_train_loss": 0.00212025735527277,
  "final_val_loss": 0.0035855742171406746
}